200
 0  0  0   0   0  0  0  0
20 20 20 -10 -10 20 20 20
20 20 20  10  10 20 20 20
-5 -5 10  20  20 10 -5 -5
-5 -5 10  20  20 10 -5 -5
10 10 10  15  15 10 10 10
50 50 50  50  50 50 50 50
 0  0  0   0   0  0  0  0

600
-10 -10  0  0  0  0 -10 -10
-10   0  0 10 10  0   0 -10
  0   0 12 15 15 12   0   0
  5  15 18 25 25 18  15   5
  5  15 20 27 27 20  15   5
  5  15 18 25 25 18  15   5
  0   0 10 15 15 10   0   0
  0   0 10 15 15 10   0   0

660
 0  0  5  0  0  5  0  0
10 20 10  5  5 10 20 10
15 20 15 10 10 15 20 15
15 20 15 20 20 15 20 15
15 20 15 20 20 15 20 15
10 15 15 10 10 15 15 10
 0  7  7  5  5  7  7  0
 0  7  7  5  5  7  7  0

1000
  0  0  0 10 10  0  0   0
-10  0  0  0  0  0  0 -10
-10  0  0  0  0  0  0 -10
-10  0  0  0  0  0  0 -10
-10  0  0  0  0  0  0 -10
-10  0  0  0  0  0  0 -10
-10  0  0  0  0  0  0 -10
  0  0  0  0  0  0  0   0

1800
 -10 -10  0  0  0  0 -10 -10
 -10   0  0  0  0  0   0 -10
   0   0  0  0  0  0   0   0
   0   0  0  0  0  0   0   0
   0   0  0  0  0  0   0   0
   0   0  0  0  0  0   0   0
 -10   0  0  0  0  0   0 -10
 -10 -10  0  0  0  0 -10 -10

 20  25  15 -10 -10  15  25  20
  5   5 -13 -20 -20 -13   5   5
-20 -25 -25 -40 -40 -25 -25 -20
-30 -35 -35 -50 -50 -35 -35 -30
-30 -35 -35 -50 -50 -35 -35 -30
-40 -45 -45 -50 -50 -45 -45 -40
-40 -45 -45 -50 -50 -45 -45 -40
-40 -45 -45 -50 -50 -45 -45 -40

0 2 1 1 2 1
10 20 50 0 -10 -15

240
 0  0  0  0  0  0  0  0
 0  0  0  0  0  0  0  0
10 10 10 20 20 10 10 10
20 20 20 30 30 20 20 20
25 25 25 35 35 25 25 25
30 30 30 40 40 30 30 30
40 40 40 50 50 40 40 40
 0  0  0  0  0  0  0  0

600
-10 -10  0  0  0  0 -10 -10
-10   0  0 10 10  0   0 -10
  0   0 10 15 15 10   0   0
  5  15 20 25 25 20  15   5
  5  15 20 25 25 20  15   5
  5  15 20 25 25 20  15   5
  0   0 10 15 15 10   0   0
  0   0 10 15 15 10   0   0

600
 0  0  5  0  0  5  0  0
10 20 10  5  5 10 20 10
15 15 15 10 10 20 20 15
15 15 15 20 20 20 20 15
15 15 15 20 20 20 20 15
10 15 15 10 10 15 15 10
 0 10 10  5  5 10 10  0
 0 10 10  5  5 10 10  0

1000
  0  0  0 10 10  0  0   0
-10  0  0  0  0  0  0 -10
-10  0  0  0  0  0  0 -10
-10  0  0  0  0  0  0 -10
-10  0  0  0  0  0  0 -10
-10  0  0  0  0  0  0 -10
-10  0  0  0  0  0  0 -10
  0  0  0  0  0  0  0   0

1800
 0  0  0  0  0  0  0  0
10 10 10 10 10 10 10 10
20 20 20 20 20 20 20 20
20 20 20 20 20 20 20 20
20 20 20 20 20 20 20 20
20 20 20 20 20 20 20 20
10 10 10 10 10 10 10 10
 0  0  0  0  0  0  0  0

0  0  0  0  0  0  0 0
0 10 10 10 10 10 10 0
0 10 20 20 20 20 10 0
0 10 20 40 40 20 10 0
0 10 20 40 40 20 10 0
0 10 20 20 20 20 10 0
0 10 10 10 10 10 10 0
0  0  0  0  0  0  0 0

0 6 4 4 8 2
20 40 60 40 -20 -25
